0
1
2
3
3.99999999999999
4.99999999999999
5.99999999999999
6.99999999999998
7.99999999999998
8.99999999999999
10
11
12
13
14.0000000000001
15.0000000000001
16.0000000000001
17.0000000000001
18.0000000000001
19.0000000000001
20.0000000000001
21.0000000000002
22.0000000000002
23.0000000000002
24.0000000000002
25.0000000000002
26.0000000000002
27.0000000000002
28.0000000000003
29.0000000000003
30.0000000000003
31.0000000000003
32.0000000000003
33.0000000000003
34.0000000000002
35.0000000000001
36.0000000000001
37
38
38.9999999999999
39.9999999999999
40.9999999999998
41.9999999999998
42.9999999999997
43.9999999999996
44.9999999999996
45.9999999999995
46.9999999999995
47.9999999999994
48.9999999999994
49.9999999999993
50.9999999999992
51.9999999999992
52.9999999999991
53.9999999999991
54.999999999999
55.999999999999
56.9999999999989
57.9999999999988
58.9999999999988
59.9999999999987
60.9999999999987
61.9999999999986
62.9999999999986
63.9999999999985
64.9999999999985
65.9999999999984
66.9999999999983
67.9999999999983
68.9999999999982
69.9999999999982
70.9999999999981
71.9999999999981
72.999999999998
73.9999999999979
74.9999999999979
75.9999999999978
76.9999999999978
77.9999999999977
78.9999999999977
79.9999999999976
80.9999999999975
81.9999999999975
82.9999999999974
83.9999999999974
84.9999999999973
85.9999999999973
86.9999999999972
87.9999999999971
88.9999999999971
89.999999999997
90.999999999997
91.9999999999969
92.9999999999969
93.9999999999968
94.9999999999967
95.9999999999967
96.9999999999966
97.9999999999966
98.9999999999965
99.9999999999965
100.999999999996
101.999999999996
102.999999999996
103.999999999996
104.999999999996
105.999999999996
106.999999999996
107.999999999996
108.999999999996
109.999999999996
110.999999999996
111.999999999996
112.999999999996
113.999999999996
114.999999999996
115.999999999996
116.999999999995
117.999999999995
118.999999999995
119.999999999995
120.999999999995
121.999999999995
122.999999999995
123.999999999995
124.999999999995
125.999999999995
126.999999999995
127.999999999995
128.999999999995
129.999999999995
130.999999999996
131.999999999996
132.999999999996
133.999999999996
134.999999999996
135.999999999997
136.999999999997
137.999999999997
138.999999999997
139.999999999998
140.999999999998
141.999999999998
142.999999999998
143.999999999998
144.999999999999
145.999999999999
146.999999999999
147.999999999999
149
150
151
152
153.000000000001
154.000000000001
155.000000000001
156.000000000001
157.000000000001
158.000000000002
159.000000000002
160.000000000002
161.000000000002
162.000000000003
163.000000000003
164.000000000003
165.000000000003
166.000000000003
167.000000000004
168.000000000004
169.000000000004
170.000000000004
171.000000000005
172.000000000005
173.000000000005
174.000000000005
175.000000000006
176.000000000006
177.000000000006
178.000000000006
179.000000000006
180.000000000007
181.000000000007
182.000000000007
183.000000000007
184.000000000008
185.000000000008
186.000000000008
187.000000000008
188.000000000008
189.000000000009
190.000000000009
191.000000000009
192.000000000009
193.00000000001
194.00000000001
195.00000000001
196.00000000001
197.000000000011
198.000000000011
199.000000000011
200.000000000011
201.000000000011
202.000000000012
203.000000000012
204.000000000012
205.000000000012
206.000000000013
207.000000000013
208.000000000013
209.000000000013
210.000000000014
211.000000000014
212.000000000014
213.000000000014
214.000000000014
215.000000000015
216.000000000015
217.000000000015
218.000000000015
219.000000000016
220.000000000016
221.000000000016
222.000000000016
223.000000000016
224.000000000017
225.000000000017
226.000000000017
227.000000000017
228.000000000018
229.000000000018
230.000000000018
231.000000000018
232.000000000019
233.000000000019
234.000000000019
235.000000000019
236.000000000019
237.00000000002
238.00000000002
239.00000000002
240.00000000002
241.000000000021
242.000000000021
243.000000000021
244.000000000021
245.000000000021
246.000000000022
247.000000000022
248.000000000022
249.000000000022
250.000000000023
251.000000000023
252.000000000023
253.000000000023
254.000000000024
255.000000000024
256.000000000024
257.000000000024
258.000000000024
259.000000000025
260.000000000025
261.000000000025
262.000000000025
263.000000000026
264.000000000026
265.000000000026
266.000000000026
267.000000000026
268.000000000027
269.000000000027
270.000000000027
271.000000000027
272.000000000028
273.000000000028
274.000000000028
275.000000000028
276.000000000028
277.000000000029
278.000000000029
279.000000000029
280.000000000029
281.00000000003
282.00000000003
283.00000000003
284.00000000003
285.000000000031
286.000000000031
287.000000000031
288.000000000031
289.000000000031
290.000000000032
291.000000000032
292.000000000032
293.000000000032
294.000000000033
295.000000000033
296.000000000033
297.000000000033
298.000000000033
299.000000000034
300.000000000034
301.000000000034
302.000000000034
303.000000000035
304.000000000035
305.000000000035
306.000000000035
307.000000000036
308.000000000036
309.000000000036
310.000000000036
311.000000000036
312.000000000037
313.000000000037
314.000000000037
315.000000000037
316.000000000038
317.000000000038
318.000000000038
319.000000000038
320.000000000038
321.000000000039
322.000000000039
323.000000000039
324.000000000039
325.00000000004
326.00000000004
327.00000000004
328.00000000004
329.000000000041
330.000000000041
331.000000000041
332.000000000041
333.000000000041
334.000000000042
335.000000000042
336.000000000042
337.000000000042
338.000000000043
339.000000000043
340.000000000043
341.000000000043
342.000000000043
343.000000000044
344.000000000044
345.000000000044
346.000000000044
347.000000000045
348.000000000045
349.000000000045
350.000000000045
351.000000000046
352.000000000046
353.000000000046
354.000000000046
355.000000000046
356.000000000047
357.000000000047
358.000000000047
359.000000000047
360.000000000048
361.000000000048
362.000000000048
363.000000000048
364.000000000048
365.000000000049
366.000000000049
367.000000000049
368.000000000049
369.00000000005
370.00000000005
371.00000000005
372.00000000005
373.000000000051
374.000000000051
375.000000000051
376.000000000051
377.000000000051
378.000000000052
379.000000000052
380.000000000052
381.000000000052
382.000000000053
383.000000000053
384.000000000053
385.000000000053
386.000000000053
387.000000000054
388.000000000054
389.000000000054
390.000000000054
391.000000000055
392.000000000055
393.000000000055
394.000000000055
395.000000000056
396.000000000056
397.000000000056
398.000000000056
399.000000000056
400.000000000057
401.000000000057
402.000000000057
403.000000000057
404.000000000058
405.000000000058
406.000000000058
407.000000000058
408.000000000058
409.000000000059
410.000000000059
411.000000000059
412.000000000059
413.00000000006
414.00000000006
415.00000000006
416.00000000006
417.000000000061
418.000000000061
419.000000000061
420.000000000061
421.000000000061
422.000000000062
423.000000000062
424.000000000062
425.000000000062
426.000000000063
427.000000000063
428.000000000063
429.000000000063
430.000000000063
431.000000000064
432.000000000064
433.000000000064
434.000000000064
435.000000000065
436.000000000065
437.000000000065
438.000000000065
439.000000000066
440.000000000066
441.000000000066
442.000000000066
443.000000000066
444.000000000067
445.000000000067
446.000000000067
447.000000000067
448.000000000068
449.000000000068
450.000000000068
451.000000000068
452.000000000068
453.000000000069
454.000000000069
455.000000000069
456.000000000069
457.00000000007
458.00000000007
459.00000000007
460.00000000007
461.000000000071
462.000000000071
463.000000000071
464.000000000071
465.000000000071
466.000000000072
467.000000000072
468.000000000072
469.000000000072
470.000000000073
471.000000000073
472.000000000073
473.000000000073
474.000000000073
475.000000000074
476.000000000074
477.000000000074
478.000000000074
479.000000000075
480.000000000075
481.000000000075
482.000000000075
483.000000000076
484.000000000076
485.000000000076
486.000000000076
487.000000000076
488.000000000077
489.000000000077
490.000000000077
491.000000000077
492.000000000078
493.000000000078
494.000000000078
495.000000000078
496.000000000079
497.000000000079
498.000000000079
499.000000000079
500.000000000079
501.00000000008
502.00000000008
503.00000000008
504.00000000008
505.000000000081
506.000000000081
507.000000000081
508.000000000081
509.000000000081
510.000000000082
511.000000000082
512.000000000082
513.000000000081
514.00000000008
515.000000000079
516.000000000078
517.000000000078
518.000000000077
519.000000000076
520.000000000075
521.000000000074
522.000000000073
523.000000000072
524.000000000071
525.00000000007
526.000000000069
527.000000000068
528.000000000068
529.000000000067
530.000000000066
531.000000000065
532.000000000064
533.000000000063
534.000000000062
535.000000000061
536.00000000006
537.000000000059
538.000000000058
539.000000000058
540.000000000057
541.000000000056
542.000000000055
543.000000000054
544.000000000053
545.000000000052
546.000000000051
547.00000000005
548.000000000049
549.000000000048
550.000000000048
551.000000000047
552.000000000046
553.000000000045
554.000000000044
555.000000000043
556.000000000042
557.000000000041
558.00000000004
559.000000000039
560.000000000038
561.000000000038
562.000000000037
563.000000000036
564.000000000035
565.000000000034
566.000000000033
567.000000000032
568.000000000031
569.00000000003
570.000000000029
571.000000000028
572.000000000028
573.000000000027
574.000000000026
575.000000000025
576.000000000024
577.000000000023
578.000000000022
579.000000000021
580.00000000002
581.000000000019
582.000000000018
583.000000000018
584.000000000017
585.000000000016
586.000000000015
587.000000000014
588.000000000013
589.000000000012
590.000000000011
591.00000000001
592.000000000009
593.000000000008
594.000000000008
595.000000000007
596.000000000006
597.000000000005
598.000000000004
599.000000000003
600.000000000002
601.000000000001
602
602.999999999999
603.999999999998
604.999999999997
605.999999999997
606.999999999996
607.999999999995
608.999999999994
609.999999999993
610.999999999992
611.999999999991
612.99999999999
613.999999999989
614.999999999988
615.999999999987
616.999999999987
617.999999999986
618.999999999985
619.999999999984
620.999999999983
621.999999999982
622.999999999981
623.99999999998
624.999999999979
625.999999999978
626.999999999977
627.999999999977
628.999999999976
629.999999999975
630.999999999974
631.999999999973
632.999999999972
633.999999999971
634.99999999997
635.999999999969
636.999999999968
637.999999999967
638.999999999967
639.999999999966
640.999999999965
641.999999999964
642.999999999963
643.999999999962
644.999999999961
645.99999999996
646.999999999959
647.999999999958
648.999999999957
649.999999999957
650.999999999956
651.999999999955
652.999999999954
653.999999999953
654.999999999952
655.999999999951
656.99999999995
657.999999999949
658.999999999948
659.999999999947
660.999999999947
661.999999999946
662.999999999945
663.999999999944
664.999999999943
665.999999999942
666.999999999941
667.99999999994
668.999999999939
669.999999999938
670.999999999937
671.999999999937
672.999999999936
673.999999999935
674.999999999934
675.999999999933
676.999999999932
677.999999999931
678.99999999993
679.999999999929
680.999999999928
681.999999999927
682.999999999927
683.999999999926
684.999999999925
685.999999999924
686.999999999923
687.999999999922
688.999999999921
689.99999999992
690.999999999919
691.999999999918
692.999999999917
693.999999999917
694.999999999916
695.999999999915
696.999999999914
697.999999999913
698.999999999912
699.999999999911
700.99999999991
701.999999999909
702.999999999908
703.999999999907
704.999999999907
705.999999999906
706.999999999905
707.999999999904
708.999999999903
709.999999999902
710.999999999901
711.9999999999
712.999999999899
713.999999999898
714.999999999897
715.999999999897
716.999999999896
717.999999999895
718.999999999894
719.999999999893
720.999999999892
721.999999999891
722.99999999989
723.999999999889
724.999999999888
725.999999999887
726.999999999887
727.999999999886
728.999999999885
729.999999999884
730.999999999883
731.999999999882
732.999999999881
733.99999999988
734.999999999879
735.999999999878
736.999999999877
737.999999999877
738.999999999876
739.999999999875
740.999999999874
741.999999999873
742.999999999872
743.999999999871
744.99999999987
745.999999999869
746.999999999868
747.999999999867
748.999999999867
749.999999999866
750.999999999865
751.999999999864
752.999999999863
753.999999999862
754.999999999861
755.99999999986
756.999999999859
757.999999999858
758.999999999857
759.999999999857
760.999999999856
761.999999999855
762.999999999854
763.999999999853
764.999999999852
765.999999999851
766.99999999985
767.999999999849
768.999999999848
769.999999999847
770.999999999847
771.999999999846
772.999999999845
773.999999999844
774.999999999843
775.999999999842
776.999999999841
777.99999999984
778.999999999839
779.999999999838
780.999999999837
781.999999999837
782.999999999836
783.999999999835
784.999999999834
785.999999999833
786.999999999832
787.999999999831
788.99999999983
789.999999999829
790.999999999828
791.999999999827
792.999999999827
793.999999999826
794.999999999825
795.999999999824
796.999999999823
797.999999999822
798.999999999821
799.99999999982
800.999999999819
801.999999999818
802.999999999817
803.999999999817
804.999999999816
805.999999999815
806.999999999814
807.999999999813
808.999999999812
809.999999999811
810.99999999981
811.999999999809
812.999999999808
813.999999999807
814.999999999807
815.999999999806
816.999999999805
817.999999999804
818.999999999803
819.999999999802
820.999999999801
821.9999999998
822.999999999799
823.999999999798
824.999999999797
825.999999999797
826.999999999796
827.999999999795
828.999999999794
829.999999999793
830.999999999792
831.999999999791
832.99999999979
833.999999999789
834.999999999788
835.999999999787
836.999999999786
837.999999999786
838.999999999785
839.999999999784
840.999999999783
841.999999999782
842.999999999781
843.99999999978
844.999999999779
845.999999999778
846.999999999777
847.999999999776
848.999999999776
849.999999999775
850.999999999774
851.999999999773
852.999999999772
853.999999999771
854.99999999977
855.999999999769
856.999999999768
857.999999999767
858.999999999766
859.999999999766
860.999999999765
861.999999999764
862.999999999763
863.999999999762
864.999999999761
865.99999999976
866.999999999759
867.999999999758
868.999999999757
869.999999999756
870.999999999756
871.999999999755
872.999999999754
873.999999999753
874.999999999752
875.999999999751
876.99999999975
877.999999999749
878.999999999748
879.999999999747
880.999999999746
881.999999999746
882.999999999745
883.999999999744
884.999999999743
885.999999999742
886.999999999741
887.99999999974
888.999999999739
889.999999999738
890.999999999737
891.999999999736
892.999999999736
893.999999999735
894.999999999734
895.999999999733
896.999999999732
897.999999999731
898.99999999973
899.999999999729
900.999999999728
901.999999999727
902.999999999726
903.999999999726
904.999999999725
905.999999999724
906.999999999723
907.999999999722
908.999999999721
909.99999999972
910.999999999719
911.999999999718
912.999999999717
913.999999999716
914.999999999716
915.999999999715
916.999999999714
917.999999999713
918.999999999712
919.999999999711
920.99999999971
921.999999999709
922.999999999708
923.999999999707
924.999999999706
925.999999999706
926.999999999705
927.999999999704
928.999999999703
929.999999999702
930.999999999701
931.9999999997
932.999999999699
933.999999999698
934.999999999697
935.999999999696
936.999999999696
937.999999999695
938.999999999694
939.999999999693
940.999999999692
941.999999999691
942.99999999969
943.999999999689
944.999999999688
945.999999999687
946.999999999686
947.999999999686
948.999999999685
949.999999999684
950.999999999683
951.999999999682
952.999999999681
953.99999999968
954.999999999679
955.999999999678
956.999999999677
957.999999999676
958.999999999676
959.999999999675
960.999999999674
961.999999999673
962.999999999672
963.999999999671
964.99999999967
965.999999999669
966.999999999668
967.999999999667
968.999999999666
969.999999999666
970.999999999665
971.999999999664
972.999999999663
973.999999999662
974.999999999661
975.99999999966
976.999999999659
977.999999999658
978.999999999657
979.999999999656
980.999999999656
981.999999999655
982.999999999654
983.999999999653
984.999999999652
985.999999999651
986.99999999965
987.999999999649
988.999999999648
989.999999999647
990.999999999646
991.999999999646
992.999999999645
993.999999999644
994.999999999643
995.999999999642
996.999999999641
997.99999999964
998.999999999639
